1.0 0.0
1.0 0.0
0.9090909090909091 0.008595988538681949
0.9 0.008595988538681949
0.8888888888888888 0.017191977077363897
0.875 0.020630372492836675
0.8571428571428571 0.04727793696275072
0.8333333333333334 0.04727793696275072
0.8181818181818182 0.05157593123209169
0.8 0.055873925501432664
0.7777777777777778 0.07736389684813753
0.75 0.07736389684813753
0.7142857142857143 0.08166189111747851
0.7 0.08213944603629418
0.6666666666666666 0.08213944603629418
0.6470588235294118 0.08213944603629418
0.6363636363636364 0.08787010506208215
0.625 0.08787010506208215
0.6153846153846154 0.08787010506208215
0.6 0.08787010506208215
0.5882352941176471 0.10267430754536774
0.5714285714285714 0.1098376313276027
0.5555555555555556 0.11604584527220634
0.5454545454545454 0.12836676217765045
0.5294117647058824 0.12979942693409743
0.5 0.16407422567881005
0.4736842105263157 0.19040462412281034
0.47058823529411764 0.19073436442389735
0.4666666666666667 0.183725677472517
0.46153846153846156 0.183725677472517
0.4444444444444444 0.18614818333341826
0.4375 0.18614818333341826
0.4285714285714286 0.18614818333341826
0.41666666666666674 0.18344808495504406
0.4117647058823529 0.1838796832214556
0.40909090909090917 0.1838796832214556
0.4 0.18555112543731042
0.38888888888888884 0.16338777040499985
0.3846153846153846 0.16338777040499985
0.375 0.1641996137669865
0.368421052631579 0.1572167538252211
0.36363636363636365 0.1572167538252211
0.3571428571428572 0.15977882535905438
0.3529411764705883 0.1475115762668575
0.34782608695652173 0.15152695413179898
0.33333333333333326 0.15152695413179898
0.3157894736842105 0.14030364715336183
0.3125 0.14030364715336183
0.3076923076923077 0.14030364715336183
0.30000000000000004 0.14030364715336183
0.2954545454545454 0.13103729347181697
0.29166666666666674 0.13103729347181697
0.2857142857142857 0.13103729347181697
0.2777777777777778 0.12779639774506166
0.2727272727272727 0.12989029238909958
0.2666666666666666 0.12774817627017263
0.26315789473684204 0.12894206356721177
0.25 0.12894206356721177
0.24390243902439024 0.11888809387189603
0.2432432432432432 0.11888809387189603
0.24 0.11889687407912217
0.23809523809523814 0.11889687407912217
0.23529411764705888 0.11889687407912217
0.23239436619718312 0.11714259352440237
0.23076923076923084 0.1156438161325394
0.2272727272727273 0.11587472180757115
0.22499999999999998 0.11587472180757115
0.2222222222222222 0.11587472180757115
0.2195121951219512 0.11225815594933117
0.21621621621621623 0.11225815594933117
0.2142857142857143 0.11225815594933117
0.21052631578947367 0.11225815594933117
0.20833333333333337 0.11198634816591556
0.19999999999999996 0.1114724490308864
0.1923076923076923 0.08514593747217122
0.19047619047619047 0.08514593747217122
0.1875 0.08514593747217122
0.18518518518518512 0.08520622830728261
0.18181818181818188 0.08520622830728261
0.17647058823529416 0.07519093626133094
0.17391304347826086 0.07471338134251528
0.1724137931034483 0.07471338134251528
0.16666666666666663 0.07471338134251528
0.16279069767441867 0.058581824072927974
0.16000000000000003 0.058581824072927974
0.1578947368421053 0.058581824072927974
0.1575757575757576 0.058760444420469495
0.15527950310559002 0.058760444420469495
0.15384615384615385 0.058760444420469495
0.15000000000000002 0.058760444420469495
0.14634146341463417 0.058760444420469495
0.14583333333333337 0.058760444420469495
0.1428571428571428 0.058760444420469495
0.13888888888888884 0.058820231334724325
0.13636363636363635 0.056316214690639715
0.1351351351351351 0.056316214690639715
0.1333333333333333 0.056316214690639715
0.13157894736842102 0.05650088997468039
0.13043478260869568 0.05650088997468039
0.12765957446808507 0.05650088997468039
0.125 0.05650088997468039
0.12 0.05547510453905382
0.11904761904761907 0.05547510453905382
0.11764705882352944 0.05547510453905382
0.11538461538461542 0.05542913046253765
0.11428571428571432 0.05542913046253765
0.11363636363636365 0.05078307636330534
0.11111111111111116 0.05078307636330534
0.10948905109489049 0.04841397629456089
0.10810810810810811 0.04841397629456089
0.1071428571428571 0.04841397629456089
0.10526315789473684 0.048001951257058424
0.10416666666666663 0.048001951257058424
0.10344827586206895 0.048001951257058424
0.09999999999999998 0.048001951257058424
0.09756097560975607 0.048001951257058424
0.09677419354838712 0.048001951257058424
0.09558823529411764 0.048001951257058424
0.09523809523809523 0.048001951257058424
0.0948905109489051 0.04371805477295136
0.0927152317880795 0.04371805477295136
0.09090909090909094 0.04371805477295136
0.0888888888888889 0.04371805477295136
0.08759124087591241 0.04371805477295136
0.08695652173913038 0.04371805477295136
0.08496732026143794 0.04371805477295136
0.08387096774193548 0.04371805477295136
0.08333333333333337 0.04371805477295136
0.08163265306122447 0.043825354769354716
0.08148148148148149 0.043825354769354716
0.08108108108108114 0.043825354769354716
0.07999999999999996 0.043825354769354716
0.07947019867549665 0.043825354769354716
0.07894736842105265 0.043825354769354716
0.07692307692307687 0.043825354769354716
0.07547169811320753 0.043825354769354716
0.07499999999999996 0.043825354769354716
0.07407407407407407 0.043825354769354716
0.07317073170731703 0.043825354769354716
0.07284768211920534 0.043825354769354716
0.07246376811594202 0.043825354769354716
0.0714285714285714 0.043825354769354716
0.07096774193548383 0.043732042151652176
0.06976744186046513 0.043732042151652176
0.069620253164557 0.043732042151652176
0.06896551724137934 0.043732042151652176
0.06818181818181812 0.043732042151652176
0.06666666666666665 0.043732042151652176
0.06622516556291391 0.043732042151652176
0.06521739130434778 0.043732042151652176
0.06474820143884896 0.043732042151652176
0.06451612903225801 0.043732042151652176
0.0625 0.043732042151652176
0.06060606060606055 0.04378544507722098
0.05960264900662249 0.04378544507722098
0.05882352941176472 0.04378544507722098
0.058394160583941646 0.04378544507722098
0.058064516129032295 0.04378544507722098
0.05555555555555558 0.04378544507722098
0.05405405405405406 0.04378544507722098
0.052980132450331174 0.04378544507722098
0.05263157894736836 0.04378544507722098
0.05228758169934644 0.014231551984784464
0.051851851851851816 0.014231551984784464
0.05147058823529416 0.014231551984784464
0.05128205128205132 0.014231551984784464
0.051094890510948954 0.014231551984784464
0.050724637681159424 0.014231551984784464
0.050000000000000044 0.014231551984784464
0.04878048780487809 0.014231551984784464
0.04761904761904767 0.014231551984784464
0.046511627906976716 0.014231551984784464
0.04635761589403975 0.014231551984784464
0.046052631578947345 0.014231551984784464
0.04575163398692805 0.014231551984784464
0.045454545454545414 0.014231551984784464
0.04458598726114649 0.014231551984784464
0.0444444444444444 0.014231551984784464
0.044117647058823484 0.014231551984784464
0.04379562043795615 0.014231551984784464
0.04347826086956519 0.014231551984784464
0.04255319148936165 0.014231551984784464
0.04225352112676051 0.014231551984784464
0.04166666666666663 0.014231551984784464
0.040000000000000036 0.014231551984784464
0.039735099337748325 0.014231551984784464
0.03947368421052633 0.014231551984784464
0.039215686274509776 0.014231551984784464
0.038961038961038974 0.014231551984784464
0.038461538461538436 0.014231551984784464
0.03703703703703698 0.014231551984784464
0.03649635036496346 0.014231551984784464
0.036231884057971064 0.014231551984784464
0.0357142857142857 0.014231551984784464
0.034965034965035 0.014231551984784464
0.03448275862068961 0.014231551984784464
0.0331125827814569 0.014231551984784464
0.03289473684210531 0.014231551984784464
0.0326797385620915 0.014231551984784464
0.03246753246753242 0.014231551984784464
0.03205128205128205 0.014231551984784464
0.03144654088050314 0.014231551984784464
0.029629629629629672 0.014231551984784464
0.02941176470588236 0.014338822099368884
0.029197080291970767 0.014338822099368884
0.02898550724637683 0.014338822099368884
0.02877697841726623 0.014338822099368884
0.02857142857142858 0.014338822099368884
0.028368794326241176 0.014338822099368884
0.02777777777777779 0.014338822099368884
0.027027027027026973 0.014338822099368884
0.026490066225165587 0.014338822099368884
0.02631578947368418 0.014392600950380379
0.02614379084967322 0.014392600950380379
0.025974025974025983 0.014392600950380379
0.02564102564102566 0.014392600950380379
0.02547770700636942 0.014392600950380379
0.025000000000000022 0.014392600950380379
0.024390243902439046 0.014392600950380379
0.023809523809523836 0.014296458677117957
0.023255813953488413 0.014296458677117957
0.022727272727272707 0.014296458677117957
0.022222222222222254 0.014296458677117957
0.022058823529411797 0.014349942926363117
0.021897810218978075 0.014349942926363117
0.021739130434782594 0.014349942926363117
0.021582733812949617 0.014349942926363117
0.021276595744680882 0.014349942926363117
0.021126760563380254 0.014349942926363117
0.019867549668874163 0.014349942926363117
0.019736842105263164 0.014360977571470541
0.019607843137254943 0.014360977571470541
0.01935483870967747 0.014360977571470541
0.019230769230769273 0.014360977571470541
0.014705882352941124 0.014360977571470541
0.014598540145985384 0.014414358846092771
0.01449275362318836 0.014414358846092771
0.014388489208633115 0.014414358846092771
0.014285714285714235 0.014414358846092771
0.014184397163120588 0.014414358846092771
0.013157894736842146 0.014414358846092771
0.013071895424836555 0.014414358846092771
0.012987012987012991 0.014414358846092771
0.012903225806451646 0.014414358846092771
0.012820512820512775 0.014414358846092771
0.01273885350318471 0.014414358846092771
0.007352941176470562 0.014414358846092771
0.007299270072992692 0.014318835921060808
0.007246376811594235 0.014318835921060808
0.007194244604316502 0.014318835921060808
0.0071428571428571175 0.014318835921060808
0.007092198581560294 0.014318835921060808
0.007042253521126751 0.014318835921060808
0.006578947368421018 0.014318835921060808
0.006535947712418277 0.014318835921060808
0.00649350649350644 0.014130976628577102
0.006451612903225823 0.014130976628577102
0.0064102564102563875 0.014130976628577102
0.0 0.014130976628577102
